1 0.2000
10 0.2124
11 0.3219
12 0.4000
13 0.0909
14 0.0303
15 0.0450
16 0.0235
17 0.0875
18 0.0114
19 0.1806
2 1.0000
20 0.6667
21 0.1364
22 0.3525
23 0.0625
24 0.0940
25 0.0695
26 0.2588
27 0.1298
28 0.8000
29 0.1211
3 0.0833
30 0.0417
31 1.0000
32 0.6667
33 0.1250
36 0.0917
37 0.0833
38 0.0938
39 0.1667
4 0.0833
40 0.0533
42 0.0000
43 0.0694
44 0.1706
45 0.1558
48 0.0000
49 0.2500
5 0.0250
57 1.0000
58 0.1344
59 0.1169
6 0.4111
60 0.0756
61 0.1941
62 0.0000
63 0.2625
7 0.1890
8 0.2778
9 0.0278