1 0.3392
10 0.6606
11 0.5892
12 0.5531
13 0.2074
14 0.2314
15 0.1546
16 0.1153
17 0.2366
18 0.0654
19 0.3653
2 1.0000
20 0.7654
21 0.2967
22 0.5915
23 0.1681
24 0.2429
25 0.4449
26 0.6690
27 0.4594
28 0.8688
29 0.3276
3 0.1909
30 0.1391
31 1.0000
32 0.7654
33 0.3155
36 0.2734
37 0.1964
38 0.2441
39 0.3536
4 0.1964
40 0.1635
42 0.0000
43 0.3981
44 0.3883
45 0.4562
48 0.0000
49 0.4125
5 0.0979
57 1.0000
58 0.4386
59 0.5327
6 0.5833
60 0.3097
61 0.5867
62 0.0000
63 0.4616
7 0.5422
8 0.4367
9 0.1012
