1 0.1000
10 0.8000
11 0.7000
12 0.2000
13 0.1000
14 0.2000
15 0.2000
16 0.2000
17 0.2000
18 0.1000
19 0.5000
2 0.3000
20 0.2000
21 0.2000
22 0.7000
23 0.1000
24 0.2000
25 0.5000
26 0.8000
27 0.6000
28 0.4000
29 0.3000
3 0.1000
30 0.1000
31 0.2000
32 0.2000
33 0.1000
36 0.4000
37 0.1000
38 0.2000
39 0.3000
4 0.1000
40 0.2000
42 0.0000
43 0.5000
44 0.4000
45 0.5000
48 0.0000
49 0.2000
5 0.1000
57 0.1000
58 0.6000
59 0.6000
6 0.3000
60 0.3000
61 0.7000
62 0.0000
63 0.4000
7 0.6000
8 0.2000
9 0.1000
